17 37
5 39
17 27
24 30
6 21
18 20
28 31
29 34
29 33
9 16
14 16
2 17
28 22
32 44
29 22
12 12
36 41
33 51
35 48
37 48
36 52
7 6
19 66
2 66
27 9
11 69
44 35
20 68
19 3
40 15
41 58
49 32
34 5
31 1
33 70
4 77
23 76
25 76
39 68
57 41
48 65
38 75
54 59
39 77
50 4
57 15
57 14
9 87
63 29
14 90
65 28
54 70
41 82
65 14
50 80
66 65
73 52
46 90
68 6
56 83
76 43
52 87
77 23
73 64
79 44
78 18
81 34
72 1
74 71
78 66
83 21
73 76
83 53
82 57
83 54
59 93
86 48
85 62
87 57
59 100
67 94
90 19
94 43
96 28
96 52
94 61
82 86
93 74
90 84
95 78
94 83
95 82
86 98
92 90
93 93
94 92
